,param_hidden_layer_sizes,param_l1_reg,param_l2_reg,param_dropout,mean_test_score,std_test_score,rank_test_score
13,"(120,)",0,0.01,0.05,0.701766356739324,0.020334980898021635,1
11,"(80,)",0.005,0.01,0.05,0.6962233979324355,0.015954955518636148,2
2,"(80,)",0.005,0,0,0.6955850340854883,0.008328777484192343,3
0,"(80,)",0,0,0,0.6954480417610344,0.006637193375926523,4
15,"(120,)",0.005,0.01,0.05,0.6950318596929967,0.011834860547646986,5
6,"(120,)",0.005,0,0,0.6943783170164846,0.005610927166089798,6
8,"(80,)",0,0,0.05,0.6943658682597379,0.0038478212243634857,7
10,"(80,)",0.005,0,0.05,0.6938989310698197,0.017074069819581063,8
7,"(120,)",0.005,0.01,0,0.6937583411990035,0.0030409410296275605,9
1,"(80,)",0,0.01,0,0.693512827880644,0.004723568619839036,10
12,"(120,)",0,0,0.05,0.69334244920574,0.0008181096616816391,11
3,"(80,)",0.005,0.01,0,0.6933207411960285,0.0034927147160483535,12
14,"(120,)",0.005,0,0.05,0.6929147539412311,0.0013479997871883825,13
5,"(120,)",0,0.01,0,0.6928658913529767,0.00155413530323302,14
4,"(120,)",0,0,0,0.6925807426367336,0.0014654934361107267,15
9,"(80,)",0,0.01,0.05,0.69118751016787,0.005900914916594898,16
